#time [s]	#voltage [V]
0	0.177142857142857
4.96524329692155e-06	0.105714285714286
9.9304865938431e-06	0.177142857142857
1.48957298907646e-05	0.105714285714286
1.98609731876862e-05	0.177142857142857
2.48262164846077e-05	0.177142857142857
2.97914597815293e-05	0.177142857142857
3.47567030784508e-05	0.0342857142857143
3.97219463753724e-05	0.177142857142857
4.46871896722939e-05	0.105714285714286
4.96524329692155e-05	0.105714285714286
5.4617676266137e-05	0.105714285714286
5.95829195630586e-05	0.105714285714286
6.45481628599801e-05	0.177142857142857
6.95134061569017e-05	0.177142857142857
7.44786494538232e-05	0.105714285714286
7.94438927507448e-05	0.177142857142857
8.44091360476663e-05	0.248571428571429
8.93743793445879e-05	0.0342857142857143
9.43396226415094e-05	0.105714285714286
9.9304865938431e-05	0.105714285714286
0.000104270109235353	0.177142857142857
0.000109235352532274	0.0342857142857143
0.000114200595829196	0.105714285714286
0.000119165839126117	0.177142857142857
0.000124131082423039	0.177142857142857
0.00012909632571996	0.177142857142857
0.000134061569016882	0.177142857142857
0.000139026812313803	0.177142857142857
0.000143992055610725	0.105714285714286
0.000148957298907646	0.105714285714286
0.000153922542204568	0.177142857142857
0.00015888778550149	0.177142857142857
0.000163853028798411	0.177142857142857
0.000168818272095333	0.177142857142857
0.000173783515392254	0.105714285714286
0.000178748758689176	0.248571428571429
0.000183714001986097	0.105714285714286
0.000188679245283019	0.105714285714286
0.00019364448857994	0.105714285714286
0.000198609731876862	0.248571428571429
0.000203574975173784	0.248571428571429
0.000208540218470705	0.177142857142857
0.000213505461767627	0.105714285714286
0.000218470705064548	0.177142857142857
0.00022343594836147	0.105714285714286
0.000228401191658391	0.105714285714286
0.000233366434955313	0.248571428571429
0.000238331678252234	0.177142857142857
0.000243296921549156	0.105714285714286
0.000248262164846077	0.177142857142857
0.000253227408142999	0.0342857142857143
0.000258192651439921	0.177142857142857
0.000263157894736842	0.248571428571429
0.000268123138033764	0.248571428571429
0.000273088381330685	0.177142857142857
0.000278053624627607	0.105714285714286
0.000283018867924528	-0.0371428571428571
0.00028798411122145	-0.251428571428571
0.000292949354518371	-0.465714285714286
0.000297914597815293	-0.68
0.000302879841112214	-0.965714285714286
0.000307845084409136	-1.39428571428571
0.000312810327706058	-1.82285714285714
0.000317775571002979	-2.03714285714286
0.000322740814299901	-2.46571428571429
0.000327706057596822	-2.89428571428571
0.000332671300893744	-3.18
0.000337636544190665	-3.75142857142857
0.000342601787487587	-3.96571428571429
0.000347567030784508	-4.39428571428571
0.00035253227408143	-4.82285714285714
0.000357497517378352	-5.03714285714286
0.000362462760675273	-5.39428571428571
0.000367428003972195	-5.60857142857143
0.000372393247269116	-5.89428571428571
0.000377358490566038	-6.03714285714286
0.000382323733862959	-6.18
0.000387288977159881	-6.32285714285714
0.000392254220456802	-6.53714285714286
0.000397219463753724	-6.53714285714286
0.000402184707050646	-6.39428571428571
0.000407149950347567	-6.53714285714286
0.000412115193644489	-6.53714285714286
0.00041708043694141	-6.53714285714286
0.000422045680238332	-6.53714285714286
0.000427010923535253	-6.46571428571429
0.000431976166832175	-6.25142857142857
0.000436941410129096	-6.18
0.000441906653426018	-5.96571428571429
0.000446871896722939	-5.89428571428571
0.000451837140019861	-5.75142857142857
0.000456802383316783	-5.60857142857143
0.000461767626613704	-5.32285714285714
0.000466732869910626	-5.18
0.000471698113207547	-4.96571428571429
0.000476663356504469	-4.68
0.00048162859980139	-4.53714285714286
0.000486593843098312	-4.25142857142857
0.000491559086395233	-4.03714285714286
0.000496524329692155	-3.75142857142857
0.000501489572989076	-3.53714285714286
0.000506454816285998	-3.39428571428571
0.00051142005958292	-3.10857142857143
0.000516385302879841	-2.75142857142857
0.000521350546176763	-2.46571428571429
0.000526315789473684	-2.32285714285714
0.000531281032770606	-2.03714285714286
0.000536246276067527	-1.75142857142857
0.000541211519364449	-1.53714285714286
0.00054617676266137	-1.25142857142857
0.000551142005958292	-1.18
0.000556107249255213	-1.03714285714286
0.000561072492552135	-0.822857142857143
0.000566037735849057	-0.751428571428571
0.000571002979145978	-0.608571428571429
0.0005759682224429	-0.537142857142857
0.000580933465739821	-0.465714285714286
0.000585898709036743	-0.465714285714286
0.000590863952333664	-0.465714285714286
0.000595829195630586	-0.465714285714286
0.000600794438927507	-0.537142857142857
0.000605759682224429	-0.751428571428571
0.000610724925521351	-0.68
0.000615690168818272	-0.822857142857143
0.000620655412115194	-0.965714285714286
0.000625620655412115	-0.894285714285714
0.000630585898709037	-1.03714285714286
0.000635551142005958	-1.32285714285714
0.00064051638530288	-1.39428571428571
0.000645481628599801	-1.53714285714286
0.000650446871896723	-1.53714285714286
0.000655412115193644	-1.53714285714286
0.000660377358490566	-1.68
0.000665342601787488	-1.60857142857143
0.000670307845084409	-1.75142857142857
0.000675273088381331	-1.68
0.000680238331678252	-1.68
0.000685203574975174	-1.68
0.000690168818272095	-1.68
0.000695134061569017	-1.75142857142857
0.000700099304865939	-1.60857142857143
0.00070506454816286	-1.53714285714286
0.000710029791459782	-1.32285714285714
0.000714995034756703	-1.25142857142857
0.000719960278053625	-1.25142857142857
0.000724925521350546	-1.03714285714286
0.000729890764647468	-1.03714285714286
0.000734856007944389	-0.822857142857143
0.000739821251241311	-0.68
0.000744786494538232	-0.608571428571429
0.000749751737835154	-0.465714285714286
0.000754716981132075	-0.322857142857143
0.000759682224428997	-0.251428571428571
0.000764647467725919	-0.108571428571429
0.00076961271102284	0.105714285714286
0.000774577954319762	0.177142857142857
0.000779543197616683	0.391428571428571
0.000784508440913605	0.32
0.000789473684210526	0.605714285714286
0.000794438927507448	0.677142857142857
0.000799404170804369	0.748571428571429
0.000804369414101291	0.82
0.000809334657398213	0.891428571428571
0.000814299900695134	1.03428571428571
0.000819265143992056	1.17714285714286
0.000824230387288977	1.17714285714286
0.000829195630585899	1.17714285714286
0.00083416087388282	1.10571428571429
0.000839126117179742	1.24857142857143
0.000844091360476663	1.17714285714286
0.000849056603773585	1.17714285714286
0.000854021847070506	1.32
0.000858987090367428	1.24857142857143
0.00086395233366435	1.10571428571429
0.000868917576961271	1.03428571428571
0.000873882820258193	1.10571428571429
0.000878848063555114	1.03428571428571
0.000883813306852036	1.03428571428571
0.000888778550148957	0.891428571428571
0.000893743793445879	0.962857142857143
0.0008987090367428	0.891428571428571
0.000903674280039722	0.748571428571429
0.000908639523336643	0.677142857142857
0.000913604766633565	0.82
0.000918570009930487	0.677142857142857
0.000923535253227408	0.677142857142857
0.00092850049652433	0.677142857142857
0.000933465739821251	0.677142857142857
0.000938430983118173	0.748571428571429
0.000943396226415094	0.677142857142857
0.000948361469712016	0.534285714285714
0.000953326713008937	0.605714285714286
0.000958291956305859	0.677142857142857
0.000963257199602781	0.748571428571429
0.000968222442899702	0.748571428571429
0.000973187686196624	0.891428571428571
0.000978152929493545	0.962857142857143
0.000983118172790467	1.03428571428571
0.000988083416087388	1.10571428571429
0.00099304865938431	1.10571428571429
0.000998013902681231	1.39142857142857
0.00100297914597815	1.24857142857143
0.00100794438927507	1.32
0.001012909632572	1.39142857142857
0.00101787487586892	1.60571428571429
0.00102284011916584	1.53428571428571
0.00102780536246276	1.53428571428571
0.00103277060575968	1.60571428571429
0.0010377358490566	1.67714285714286
0.00104270109235353	1.60571428571429
0.00104766633565045	1.60571428571429
0.00105263157894737	1.53428571428571
0.00105759682224429	1.39142857142857
0.00106256206554121	1.39142857142857
0.00106752730883813	1.24857142857143
0.00107249255213505	1.17714285714286
0.00107745779543198	1.03428571428571
0.0010824230387289	0.962857142857143
0.00108738828202582	0.82
0.00109235352532274	0.748571428571429
0.00109731876861966	0.677142857142857
0.00110228401191658	0.534285714285714
0.00110724925521351	0.391428571428571
0.00111221449851043	0.177142857142857
0.00111717974180735	0.105714285714286
0.00112214498510427	-0.108571428571429
0.00112711022840119	-0.108571428571429
0.00113207547169811	-0.251428571428571
0.00113704071499503	-0.465714285714286
0.00114200595829196	-0.465714285714286
0.00114697120158888	-0.537142857142857
0.0011519364448858	-0.608571428571429
0.00115690168818272	-0.68
0.00116186693147964	-0.68
0.00116683217477656	-0.751428571428571
0.00117179741807349	-0.751428571428571
0.00117676266137041	-0.68
0.00118172790466733	-0.751428571428571
0.00118669314796425	-0.68
0.00119165839126117	-0.68
0.00119662363455809	-0.465714285714286
0.00120158887785501	-0.608571428571429
0.00120655412115194	-0.608571428571429
0.00121151936444886	-0.394285714285714
0.00121648460774578	-0.394285714285714
0.0012214498510427	-0.251428571428571
0.00122641509433962	-0.108571428571429
0.00123138033763654	-0.108571428571429
0.00123634558093347	-0.0371428571428571
0.00124131082423039	-0.0371428571428571
0.00124627606752731	0.105714285714286
0.00125124131082423	0.177142857142857
0.00125620655412115	0.248571428571429
0.00126117179741807	0.248571428571429
0.001266137040715	0.391428571428571
0.00127110228401192	0.391428571428571
0.00127606752730884	0.534285714285714
0.00128103277060576	0.391428571428571
0.00128599801390268	0.605714285714286
0.0012909632571996	0.462857142857143
0.00129592850049652	0.462857142857143
0.00130089374379345	0.534285714285714
0.00130585898709037	0.534285714285714
0.00131082423038729	0.462857142857143
0.00131578947368421	0.462857142857143
0.00132075471698113	0.391428571428571
0.00132571996027805	0.391428571428571
0.00133068520357498	0.32
0.0013356504468719	0.248571428571429
0.00134061569016882	0.177142857142857
0.00134558093346574	0.177142857142857
0.00135054617676266	0.177142857142857
0.00135551142005958	0.0342857142857143
0.0013604766633565	-0.108571428571429
0.00136544190665343	-0.108571428571429
0.00137040714995035	-0.108571428571429
0.00137537239324727	-0.251428571428571
0.00138033763654419	-0.394285714285714
0.00138530287984111	-0.465714285714286
0.00139026812313803	-0.465714285714286
0.00139523336643496	-0.68
0.00140019860973188	-0.68
0.0014051638530288	-0.68
0.00141012909632572	-0.822857142857143
0.00141509433962264	-0.822857142857143
0.00142005958291956	-0.894285714285714
0.00142502482621648	-0.965714285714286
0.00142999006951341	-0.822857142857143
0.00143495531281033	-0.965714285714286
0.00143992055610725	-0.894285714285714
0.00144488579940417	-0.965714285714286
0.00144985104270109	-0.822857142857143
0.00145481628599801	-0.822857142857143
0.00145978152929494	-0.68
0.00146474677259186	-0.68
0.00146971201588878	-0.68
0.0014746772591857	-0.537142857142857
0.00147964250248262	-0.465714285714286
0.00148460774577954	-0.322857142857143
0.00148957298907646	-0.18
0.00149453823237339	-0.18
0.00149950347567031	-0.18
0.00150446871896723	0.0342857142857143
0.00150943396226415	0.177142857142857
0.00151439920556107	0.32
0.00151936444885799	0.248571428571429
0.00152432969215492	0.391428571428571
0.00152929493545184	0.605714285714286
0.00153426017874876	0.605714285714286
0.00153922542204568	0.605714285714286
0.0015441906653426	0.748571428571429
0.00154915590863952	0.748571428571429
0.00155412115193644	0.962857142857143
0.00155908639523337	0.891428571428571
0.00156405163853029	0.891428571428571
0.00156901688182721	0.891428571428571
0.00157398212512413	0.962857142857143
0.00157894736842105	0.891428571428571
0.00158391261171797	0.891428571428571
0.0015888778550149	0.962857142857143
0.00159384309831182	0.82
0.00159880834160874	0.748571428571429
0.00160377358490566	0.677142857142857
0.00160873882820258	0.748571428571429
0.0016137040714995	0.677142857142857
0.00161866931479643	0.534285714285714
0.00162363455809335	0.391428571428571
0.00162859980139027	0.462857142857143
0.00163356504468719	0.32
0.00163853028798411	0.177142857142857
0.00164349553128103	0.177142857142857
0.00164846077457795	0.32
0.00165342601787488	0.0342857142857143
0.0016583912611718	0.105714285714286
0.00166335650446872	0.105714285714286
0.00166832174776564	-0.0371428571428571
0.00167328699106256	0.0342857142857143
0.00167825223435948	-0.0371428571428571
0.00168321747765641	-0.108571428571429
0.00168818272095333	0.105714285714286
0.00169314796425025	-0.108571428571429
0.00169811320754717	-0.0371428571428571
0.00170307845084409	0.0342857142857143
0.00170804369414101	0.0342857142857143
0.00171300893743793	0.105714285714286
0.00171797418073486	0.105714285714286
0.00172293942403178	0.105714285714286
0.0017279046673287	0.177142857142857
0.00173286991062562	0.248571428571429
0.00173783515392254	0.248571428571429
0.00174280039721946	0.32
0.00174776564051639	0.248571428571429
0.00175273088381331	0.32
0.00175769612711023	0.32
0.00176266137040715	0.32
0.00176762661370407	0.462857142857143
0.00177259185700099	0.32
0.00177755710029791	0.534285714285714
0.00178252234359484	0.534285714285714
0.00178748758689176	0.534285714285714
0.00179245283018868	0.605714285714286
0.0017974180734856	0.32
0.00180238331678252	0.462857142857143
0.00180734856007944	0.462857142857143
0.00181231380337637	0.462857142857143
0.00181727904667329	0.391428571428571
0.00182224428997021	0.391428571428571
0.00182720953326713	0.462857142857143
0.00183217477656405	0.462857142857143
0.00183714001986097	0.248571428571429
0.00184210526315789	0.248571428571429
0.00184707050645482	0.248571428571429
0.00185203574975174	0.32
0.00185700099304866	0.0342857142857143
0.00186196623634558	0.177142857142857
0.0018669314796425	0.105714285714286
0.00187189672293942	-0.0371428571428571
0.00187686196623635	-0.0371428571428571
0.00188182720953327	-0.108571428571429
0.00188679245283019	-0.0371428571428571
0.00189175769612711	-0.0371428571428571
0.00189672293942403	-0.108571428571429
0.00190168818272095	-0.0371428571428571
0.00190665342601787	-0.108571428571429
0.0019116186693148	-0.18
0.00191658391261172	-0.18
0.00192154915590864	-0.18
0.00192651439920556	-0.108571428571429
0.00193147964250248	-0.18
0.0019364448857994	-0.0371428571428571
0.00194141012909633	-0.18
0.00194637537239325	-0.108571428571429
0.00195134061569017	-0.0371428571428571
0.00195630585898709	-0.0371428571428571
0.00196127110228401	-0.0371428571428571
0.00196623634558093	-0.0371428571428571
0.00197120158887786	0.105714285714286
0.00197616683217478	0.0342857142857143
0.0019811320754717	0.0342857142857143
0.00198609731876862	0.105714285714286
0.00199106256206554	0.105714285714286
0.00199602780536246	0.105714285714286
0.00200099304865938	0.105714285714286
0.00200595829195631	0.105714285714286
0.00201092353525323	0.248571428571429
0.00201588877855015	0.177142857142857
0.00202085402184707	0.105714285714286
0.00202581926514399	0.248571428571429
0.00203078450844091	0.248571428571429
0.00203574975173784	0.248571428571429
0.00204071499503476	0.177142857142857
0.00204568023833168	0.105714285714286
0.0020506454816286	0.177142857142857
0.00205561072492552	0.105714285714286
0.00206057596822244	0.105714285714286
0.00206554121151936	0.105714285714286
0.00207050645481629	0.105714285714286
0.00207547169811321	0.0342857142857143
0.00208043694141013	-0.0371428571428571
0.00208540218470705	-0.108571428571429
0.00209036742800397	-0.108571428571429
0.00209533267130089	-0.18
0.00210029791459782	-0.251428571428571
0.00210526315789474	-0.18
0.00211022840119166	-0.322857142857143
0.00211519364448858	-0.394285714285714
0.0021201588877855	-0.394285714285714
0.00212512413108242	-0.465714285714286
0.00213008937437934	-0.394285714285714
0.00213505461767627	-0.465714285714286
0.00214001986097319	-0.465714285714286
0.00214498510427011	-0.537142857142857
0.00214995034756703	-0.465714285714286
0.00215491559086395	-0.537142857142857
0.00215988083416087	-0.608571428571429
0.0021648460774578	-0.537142857142857
0.00216981132075472	-0.465714285714286
0.00217477656405164	-0.465714285714286
0.00217974180734856	-0.465714285714286
0.00218470705064548	-0.322857142857143
0.0021896722939424	-0.322857142857143
0.00219463753723932	-0.465714285714286
0.00219960278053625	-0.251428571428571
0.00220456802383317	-0.18
0.00220953326713009	-0.18
0.00221449851042701	-0.18
0.00221946375372393	-0.108571428571429
0.00222442899702085	-0.0371428571428571
0.00222939424031778	0.0342857142857143
0.0022343594836147	0.0342857142857143
0.00223932472691162	0.105714285714286
0.00224428997020854	0.248571428571429
0.00224925521350546	0.32
0.00225422045680238	0.32
0.0022591857000993	0.462857142857143
0.00226415094339623	0.462857142857143
0.00226911618669315	0.462857142857143
0.00227408142999007	0.391428571428571
0.00227904667328699	0.534285714285714
0.00228401191658391	0.534285714285714
0.00228897715988083	0.605714285714286
0.00229394240317776	0.534285714285714
0.00229890764647468	0.534285714285714
0.0023038728897716	0.534285714285714
0.00230883813306852	0.534285714285714
0.00231380337636544	0.462857142857143
0.00231876861966236	0.462857142857143
0.00232373386295928	0.391428571428571
0.00232869910625621	0.462857142857143
0.00233366434955313	0.32
0.00233862959285005	0.32
0.00234359483614697	0.248571428571429
0.00234856007944389	0.177142857142857
0.00235352532274081	0.105714285714286
0.00235849056603774	0.0342857142857143
0.00236345580933466	0.0342857142857143
0.00236842105263158	-0.0371428571428571
0.0023733862959285	-0.18
0.00237835153922542	-0.108571428571429
0.00238331678252234	-0.108571428571429
0.00238828202581927	-0.18
0.00239324726911619	-0.322857142857143
0.00239821251241311	-0.322857142857143
0.00240317775571003	-0.18
0.00240814299900695	-0.394285714285714
0.00241310824230387	-0.322857142857143
0.00241807348560079	-0.251428571428571
0.00242303872889772	-0.322857142857143
0.00242800397219464	-0.322857142857143
0.00243296921549156	-0.251428571428571
0.00243793445878848	-0.251428571428571
0.0024428997020854	-0.18
0.00244786494538232	-0.251428571428571
0.00245283018867925	-0.251428571428571
0.00245779543197617	-0.251428571428571
0.00246276067527309	-0.18
0.00246772591857001	-0.108571428571429
0.00247269116186693	-0.108571428571429
0.00247765640516385	0.0342857142857143
0.00248262164846077	-0.0371428571428571
0.0024875868917577	0.105714285714286
0.00249255213505462	0.0342857142857143
0.00249751737835154	0.105714285714286
0.00250248262164846	0.177142857142857
0.00250744786494538	0.248571428571429
0.0025124131082423	0.177142857142857
0.00251737835153923	0.32
0.00252234359483615	0.32
0.00252730883813307	0.32
0.00253227408142999	0.32
0.00253723932472691	0.462857142857143
0.00254220456802383	0.534285714285714
0.00254716981132075	0.32
0.00255213505461768	0.32
0.0025571002979146	0.462857142857143
0.00256206554121152	0.462857142857143
0.00256703078450844	0.462857142857143
0.00257199602780536	0.32
0.00257696127110228	0.248571428571429
0.00258192651439921	0.248571428571429
0.00258689175769613	0.177142857142857
0.00259185700099305	0.248571428571429
0.00259682224428997	0.248571428571429
0.00260178748758689	0.248571428571429
0.00260675273088381	0.177142857142857
0.00261171797418074	0.0342857142857143
0.00261668321747766	0.0342857142857143
0.00262164846077458	0.105714285714286
0.0026266137040715	0.0342857142857143
0.00263157894736842	-0.18
0.00263654419066534	-0.108571428571429
0.00264150943396226	-0.18
0.00264647467725919	-0.108571428571429
0.00265143992055611	-0.18
0.00265640516385303	-0.18
0.00266137040714995	-0.18
0.00266633565044687	-0.18
0.00267130089374379	-0.18
0.00267626613704071	-0.251428571428571
0.00268123138033764	-0.18
0.00268619662363456	-0.18
0.00269116186693148	-0.251428571428571
0.0026961271102284	-0.18
0.00270109235352532	-0.251428571428571
0.00270605759682224	-0.108571428571429
0.00271102284011917	-0.251428571428571
0.00271598808341609	-0.18
0.00272095332671301	-0.18
0.00272591857000993	-0.108571428571429
0.00273088381330685	-0.108571428571429
0.00273584905660377	-0.18
0.0027408142999007	-0.108571428571429
0.00274577954319762	-0.0371428571428571
0.00275074478649454	0.0342857142857143
0.00275571002979146	-0.0371428571428571
0.00276067527308838	-0.108571428571429
0.0027656405163853	0.0342857142857143
0.00277060575968222	-0.108571428571429
0.00277557100297915	0.0342857142857143
0.00278053624627607	0.0342857142857143
0.00278550148957299	0.0342857142857143
0.00279046673286991	-0.0371428571428571
0.00279543197616683	0.105714285714286
0.00280039721946375	0.0342857142857143
0.00280536246276068	-0.0371428571428571
0.0028103277060576	-0.0371428571428571
0.00281529294935452	-0.0371428571428571
0.00282025819265144	0.0342857142857143
0.00282522343594836	-0.0371428571428571
0.00283018867924528	-0.0371428571428571
0.0028351539225422	-0.0371428571428571
0.00284011916583913	0.0342857142857143
0.00284508440913605	-0.0371428571428571
0.00285004965243297	-0.18
0.00285501489572989	0.0342857142857143
0.00285998013902681	-0.0371428571428571
0.00286494538232373	-0.108571428571429
0.00286991062562066	-0.18
0.00287487586891758	-0.18
0.0028798411122145	-0.18
0.00288480635551142	-0.108571428571429
0.00288977159880834	-0.18
0.00289473684210526	-0.18
0.00289970208540218	-0.108571428571429
0.00290466732869911	-0.108571428571429
0.00290963257199603	-0.251428571428571
0.00291459781529295	-0.0371428571428571
0.00291956305858987	-0.18
0.00292452830188679	-0.0371428571428571
0.00292949354518371	-0.18
0.00293445878848064	-0.0371428571428571
0.00293942403177756	-0.0371428571428571
0.00294438927507448	0.0342857142857143
0.0029493545183714	-0.108571428571429
0.00295431976166832	-0.0371428571428571
0.00295928500496524	0.0342857142857143
0.00296425024826216	-0.0371428571428571
0.00296921549155909	0.0342857142857143
0.00297418073485601	-0.0371428571428571
0.00297914597815293	0.0342857142857143
0.00298411122144985	0.177142857142857
0.00298907646474677	0.177142857142857
0.00299404170804369	0.105714285714286
0.00299900695134062	0.105714285714286
0.00300397219463754	0.248571428571429
0.00300893743793446	0.105714285714286
0.00301390268123138	0.177142857142857
0.0030188679245283	0.177142857142857
0.00302383316782522	0.105714285714286
0.00302879841112215	0.248571428571429
0.00303376365441907	0.177142857142857
0.00303872889771599	0.248571428571429
0.00304369414101291	0.105714285714286
0.00304865938430983	0.177142857142857
0.00305362462760675	0.0342857142857143
0.00305858987090367	0.105714285714286
0.0030635551142006	0.177142857142857
0.00306852035749752	0.105714285714286
0.00307348560079444	-0.0371428571428571
0.00307845084409136	0.0342857142857143
0.00308341608738828	0.0342857142857143
0.0030883813306852	-0.0371428571428571
0.00309334657398213	-0.0371428571428571
0.00309831181727905	-0.0371428571428571
0.00310327706057597	-0.108571428571429
0.00310824230387289	-0.18
0.00311320754716981	-0.18
0.00311817279046673	-0.18
0.00312313803376365	-0.18
0.00312810327706058	-0.322857142857143
0.0031330685203575	-0.251428571428571
0.00313803376365442	-0.18
0.00314299900695134	-0.18
0.00314796425024826	-0.18
0.00315292949354518	-0.251428571428571
0.00315789473684211	-0.251428571428571
0.00316285998013903	-0.18
0.00316782522343595	-0.108571428571429
0.00317279046673287	-0.108571428571429
0.00317775571002979	-0.108571428571429
0.00318272095332671	-0.108571428571429
0.00318768619662363	-0.18
0.00319265143992056	-0.0371428571428571
0.00319761668321748	0.0342857142857143
0.0032025819265144	0.0342857142857143
0.00320754716981132	-0.0371428571428571
0.00321251241310824	0.0342857142857143
0.00321747765640516	0.177142857142857
0.00322244289970209	0.177142857142857
0.00322740814299901	0.105714285714286
0.00323237338629593	0.177142857142857
0.00323733862959285	0.177142857142857
0.00324230387288977	0.177142857142857
0.00324726911618669	0.177142857142857
0.00325223435948361	0.105714285714286
0.00325719960278054	0.177142857142857
0.00326216484607746	0.248571428571429
0.00326713008937438	0.177142857142857
0.0032720953326713	0.32
0.00327706057596822	0.177142857142857
0.00328202581926514	0.248571428571429
0.00328699106256207	0.177142857142857
0.00329195630585899	0.248571428571429
0.00329692154915591	0.248571428571429
0.00330188679245283	0.177142857142857
0.00330685203574975	0.105714285714286
0.00331181727904667	0.177142857142857
0.00331678252234359	0.0342857142857143
0.00332174776564052	0.177142857142857
0.00332671300893744	0.105714285714286
0.00333167825223436	0.105714285714286
0.00333664349553128	0.105714285714286
0.0033416087388282	0.105714285714286
0.00334657398212512	0.0342857142857143
0.00335153922542205	-0.0371428571428571
0.00335650446871897	-0.108571428571429
0.00336146971201589	-0.108571428571429
0.00336643495531281	-0.18
0.00337140019860973	-0.108571428571429
0.00337636544190665	-0.251428571428571
0.00338133068520358	-0.18
0.0033862959285005	-0.18
0.00339126117179742	-0.108571428571429
0.00339622641509434	-0.18
0.00340119165839126	-0.18
0.00340615690168818	-0.18
0.0034111221449851	-0.251428571428571
0.00341608738828203	-0.251428571428571
0.00342105263157895	-0.251428571428571
0.00342601787487587	-0.251428571428571
0.00343098311817279	-0.251428571428571
0.00343594836146971	-0.322857142857143
0.00344091360476663	-0.108571428571429
0.00344587884806356	-0.18
0.00345084409136048	-0.18
0.0034558093346574	-0.0371428571428571
0.00346077457795432	-0.18
0.00346573982125124	-0.108571428571429
0.00347070506454816	-0.0371428571428571
0.00347567030784508	0.0342857142857143
0.00348063555114201	0.0342857142857143
0.00348560079443893	-0.108571428571429
0.00349056603773585	-0.0371428571428571
0.00349553128103277	0.105714285714286
0.00350049652432969	0.177142857142857
0.00350546176762661	0.0342857142857143
0.00351042701092354	0.105714285714286
0.00351539225422046	0.105714285714286
0.00352035749751738	0.105714285714286
0.0035253227408143	0.177142857142857
0.00353028798411122	0.177142857142857
0.00353525322740814	0.177142857142857
0.00354021847070506	0.177142857142857
0.00354518371400199	0.105714285714286
0.00355014895729891	0.177142857142857
0.00355511420059583	0.248571428571429
0.00356007944389275	0.248571428571429
0.00356504468718967	0.105714285714286
0.00357000993048659	0.248571428571429
0.00357497517378352	0.177142857142857
0.00357994041708044	0.177142857142857
0.00358490566037736	0.105714285714286
0.00358987090367428	0.0342857142857143
0.0035948361469712	0.105714285714286
0.00359980139026812	0.0342857142857143
0.00360476663356504	-0.0371428571428571
0.00360973187686197	0.0342857142857143
0.00361469712015889	0.0342857142857143
0.00361966236345581	-0.0371428571428571
0.00362462760675273	0.0342857142857143
0.00362959285004965	-0.0371428571428571
0.00363455809334657	-0.0371428571428571
0.0036395233366435	-0.0371428571428571
0.00364448857994042	-0.108571428571429
0.00364945382323734	-0.18
0.00365441906653426	-0.0371428571428571
0.00365938430983118	-0.108571428571429
0.0036643495531281	-0.18
0.00366931479642503	-0.18
0.00367428003972195	-0.18
0.00367924528301887	-0.18
0.00368421052631579	-0.18
0.00368917576961271	-0.18
0.00369414101290963	-0.108571428571429
0.00369910625620655	-0.108571428571429
0.00370407149950348	-0.0371428571428571
0.0037090367428004	-0.108571428571429
0.00371400198609732	0.0342857142857143
0.00371896722939424	0.0342857142857143
0.00372393247269116	-0.0371428571428571
0.00372889771598808	-0.0371428571428571
0.003733862959285	-0.0371428571428571
0.00373882820258193	-0.0371428571428571
0.00374379344587885	0.105714285714286
0.00374875868917577	0.0342857142857143
0.00375372393247269	0.105714285714286
0.00375868917576961	0.0342857142857143
0.00376365441906653	0.0342857142857143
0.00376861966236346	0.105714285714286
0.00377358490566038	0.105714285714286
0.0037785501489573	0.105714285714286
0.00378351539225422	0.105714285714286
0.00378848063555114	0.105714285714286
0.00379344587884806	0.177142857142857
0.00379841112214499	0.0342857142857143
0.00380337636544191	0.0342857142857143
0.00380834160873883	0.105714285714286
0.00381330685203575	0.105714285714286
0.00381827209533267	0.0342857142857143
0.00382323733862959	0.0342857142857143
0.00382820258192651	0.0342857142857143
0.00383316782522344	0.0342857142857143
0.00383813306852036	0.0342857142857143
0.00384309831181728	0.105714285714286
0.0038480635551142	0.0342857142857143
0.00385302879841112	-0.108571428571429
0.00385799404170804	-0.0371428571428571
0.00386295928500497	-0.0371428571428571
0.00386792452830189	-0.108571428571429
0.00387288977159881	-0.0371428571428571
0.00387785501489573	-0.0371428571428571
0.00388282025819265	0.0342857142857143
0.00388778550148957	-0.0371428571428571
0.00389275074478649	0.0342857142857143
0.00389771598808342	-0.0371428571428571
0.00390268123138034	-0.108571428571429
0.00390764647467726	-0.0371428571428571
0.00391261171797418	0.0342857142857143
0.0039175769612711	0.0342857142857143
0.00392254220456802	-0.0371428571428571
0.00392750744786495	0.0342857142857143
0.00393247269116187	-0.0371428571428571
0.00393743793445879	-0.0371428571428571
0.00394240317775571	-0.0371428571428571
0.00394736842105263	0.0342857142857143
0.00395233366434955	0.105714285714286
0.00395729890764648	0.0342857142857143
0.0039622641509434	0.0342857142857143
0.00396722939424032	0.0342857142857143
0.00397219463753724	0.105714285714286
0.00397715988083416	0.248571428571429
0.00398212512413108	0.0342857142857143
0.003987090367428	0.105714285714286
0.00399205561072493	0.248571428571429
0.00399702085402185	0.177142857142857
0.00400198609731877	0.105714285714286
0.00400695134061569	0.177142857142857
0.00401191658391261	0.177142857142857
0.00401688182720953	0.177142857142857
0.00402184707050646	0.0342857142857143
0.00402681231380338	0.105714285714286
0.0040317775571003	0.248571428571429
0.00403674280039722	0.105714285714286
0.00404170804369414	0.105714285714286
0.00404667328699106	0.105714285714286
0.00405163853028798	0.105714285714286
0.00405660377358491	0.0342857142857143
0.00406156901688183	0.0342857142857143
0.00406653426017875	0.105714285714286
0.00407149950347567	0.0342857142857143
0.00407646474677259	0.105714285714286
0.00408142999006951	0.0342857142857143
0.00408639523336644	0.105714285714286
0.00409136047666336	-0.108571428571429
0.00409632571996028	0.105714285714286
0.0041012909632572	0.105714285714286
0.00410625620655412	0.0342857142857143
0.00411122144985104	-0.0371428571428571
0.00411618669314796	-0.108571428571429
0.00412115193644489	-0.0371428571428571
0.00412611717974181	-0.0371428571428571
0.00413108242303873	-0.108571428571429
0.00413604766633565	-0.0371428571428571
0.00414101290963257	-0.18
0.00414597815292949	-0.0371428571428571
0.00415094339622642	-0.0371428571428571
0.00415590863952334	0.0342857142857143
0.00416087388282026	-0.108571428571429
0.00416583912611718	-0.0371428571428571
0.0041708043694141	0.0342857142857143
0.00417576961271102	-0.108571428571429
0.00418073485600794	-0.108571428571429
0.00418570009930487	-0.0371428571428571
0.00419066534260179	-0.0371428571428571
0.00419563058589871	0.0342857142857143
0.00420059582919563	0.105714285714286
0.00420556107249255	0.0342857142857143
0.00421052631578947	0.105714285714286
0.0042154915590864	0.105714285714286
0.00422045680238332	0.105714285714286
0.00422542204568024	0.105714285714286
0.00423038728897716	0.177142857142857
0.00423535253227408	0.105714285714286
0.004240317775571	0.105714285714286
0.00424528301886792	0.0342857142857143
0.00425024826216485	0.177142857142857
0.00425521350546177	0.177142857142857
0.00426017874875869	0.248571428571429
0.00426514399205561	0.177142857142857
0.00427010923535253	0.105714285714286
0.00427507447864945	0.248571428571429
0.00428003972194638	0.177142857142857
0.0042850049652433	0.248571428571429
0.00428997020854022	0.177142857142857
0.00429493545183714	0.177142857142857
0.00429990069513406	0.177142857142857
0.00430486593843098	0.177142857142857
0.0043098311817279	0.177142857142857
0.00431479642502483	0.177142857142857
0.00431976166832175	0.105714285714286
0.00432472691161867	0.105714285714286
0.00432969215491559	0.105714285714286
0.00433465739821251	0.105714285714286
0.00433962264150943	-0.0371428571428571
0.00434458788480636	-0.0371428571428571
0.00434955312810328	-0.0371428571428571
0.0043545183714002	0.0342857142857143
0.00435948361469712	-0.0371428571428571
0.00436444885799404	-0.0371428571428571
0.00436941410129096	-0.108571428571429
0.00437437934458788	-0.18
0.00437934458788481	-0.108571428571429
0.00438430983118173	0.0342857142857143
0.00438927507447865	0.0342857142857143
0.00439424031777557	-0.108571428571429
0.00439920556107249	-0.18
0.00440417080436941	-0.108571428571429
0.00440913604766634	-0.108571428571429
0.00441410129096326	-0.108571428571429
0.00441906653426018	-0.18
0.0044240317775571	-0.108571428571429
0.00442899702085402	-0.108571428571429
0.00443396226415094	-0.18
0.00443892750744787	-0.18
0.00444389275074479	-0.251428571428571
0.00444885799404171	0.0342857142857143
0.00445382323733863	-0.0371428571428571
0.00445878848063555	-0.108571428571429
0.00446375372393247	0.0342857142857143
0.00446871896722939	-0.0371428571428571
0.00447368421052632	-0.0371428571428571
0.00447864945382324	-0.108571428571429
0.00448361469712016	-0.0371428571428571
0.00448857994041708	0.105714285714286
0.004493545183714	0.105714285714286
0.00449851042701092	0.0342857142857143
0.00450347567030784	0.0342857142857143
0.00450844091360477	0.105714285714286
0.00451340615690169	0.177142857142857
0.00451837140019861	0.105714285714286
0.00452333664349553	0.105714285714286
0.00452830188679245	0.105714285714286
0.00453326713008937	0.32
0.0045382323733863	0.177142857142857
0.00454319761668322	0.177142857142857
0.00454816285998014	0.248571428571429
0.00455312810327706	0.177142857142857
0.00455809334657398	0.105714285714286
0.0045630585898709	0.248571428571429
0.00456802383316783	0.177142857142857
0.00457298907646475	0.105714285714286
0.00457795431976167	0.177142857142857
0.00458291956305859	0.177142857142857
0.00458788480635551	0.248571428571429
0.00459285004965243	0.0342857142857143
0.00459781529294935	0.0342857142857143
0.00460278053624628	0.0342857142857143
0.0046077457795432	0.0342857142857143
0.00461271102284012	0.105714285714286
0.00461767626613704	0.0342857142857143
0.00462264150943396	0.0342857142857143
0.00462760675273088	0.0342857142857143
0.00463257199602781	0.0342857142857143
0.00463753723932473	-0.108571428571429
0.00464250248262165	-0.0371428571428571
0.00464746772591857	-0.0371428571428571
0.00465243296921549	-0.0371428571428571
0.00465739821251241	-0.108571428571429
0.00466236345580933	-0.108571428571429
0.00466732869910626	-0.0371428571428571
0.00467229394240318	0.0342857142857143
0.0046772591857001	-0.108571428571429
0.00468222442899702	-0.0371428571428571
0.00468718967229394	-0.0371428571428571
0.00469215491559086	-0.0371428571428571
0.00469712015888779	-0.0371428571428571
0.00470208540218471	-0.0371428571428571
0.00470705064548163	-0.108571428571429
0.00471201588877855	-0.108571428571429
0.00471698113207547	-0.108571428571429
0.00472194637537239	-0.108571428571429
0.00472691161866931	0.0342857142857143
0.00473187686196624	0.105714285714286
0.00473684210526316	-0.108571428571429
0.00474180734856008	-0.0371428571428571
0.004746772591857	-0.0371428571428571
0.00475173783515392	0.105714285714286
0.00475670307845084	0.105714285714286
0.00476166832174777	0.105714285714286
0.00476663356504469	0.0342857142857143
0.00477159880834161	-0.0371428571428571
0.00477656405163853	0.0342857142857143
0.00478152929493545	0.105714285714286
0.00478649453823237	0.177142857142857
0.00479145978152929	0.105714285714286
0.00479642502482622	0.105714285714286
0.00480139026812314	0.177142857142857
0.00480635551142006	0.105714285714286
0.00481132075471698	0.105714285714286
0.0048162859980139	0.0342857142857143
0.00482125124131082	0.0342857142857143
0.00482621648460775	0.248571428571429
0.00483118172790467	0.177142857142857
0.00483614697120159	0.0342857142857143
0.00484111221449851	0.105714285714286
0.00484607745779543	0.177142857142857
0.00485104270109235	0.0342857142857143
0.00485600794438927	0.105714285714286
0.0048609731876862	0.0342857142857143
0.00486593843098312	0.105714285714286
0.00487090367428004	0.0342857142857143
0.00487586891757696	0.0342857142857143
0.00488083416087388	-0.0371428571428571
0.0048857994041708	0.0342857142857143
0.00489076464746773	0.0342857142857143
0.00489572989076465	0.0342857142857143
0.00490069513406157	-0.0371428571428571
0.00490566037735849	0.105714285714286
0.00491062562065541	0.0342857142857143
0.00491559086395233	-0.0371428571428571
0.00492055610724926	0.0342857142857143
0.00492552135054618	0.0342857142857143
0.0049304865938431	0.0342857142857143
0.00493545183714002	-0.0371428571428571
0.00494041708043694	0.0342857142857143
0.00494538232373386	0.0342857142857143
0.00495034756703078	0.0342857142857143
0.00495531281032771	-0.0371428571428571
0.00496027805362463	0.0342857142857143
0.00496524329692155	0.105714285714286
0.00497020854021847	0.105714285714286
0.00497517378351539	0.0342857142857143
0.00498013902681231	0.0342857142857143
0.00498510427010924	0.105714285714286
0.00499006951340616	0.105714285714286
0.00499503475670308	0.0342857142857143
0.005	0.0342857142857143