#time [s]	#voltage [V]
0	-0.00142857142857143
4.96524329692155e-05	-0.00107142857142857
9.9304865938431e-05	-0.00107142857142857
0.000148957298907646	-0.00107142857142857
0.000198609731876862	-0.00107142857142857
0.000248262164846077	-0.000714285714285712
0.000297914597815293	-0.000714285714285712
0.000347567030784508	-0.00107142857142857
0.000397219463753724	-0.000357142857142858
0.000446871896722939	-0.000714285714285712
0.000496524329692155	-0.000714285714285712
0.00054617676266137	-0.000714285714285712
0.000595829195630586	0
0.000645481628599801	-0.000357142857142858
0.000695134061569017	-0.000357142857142858
0.000744786494538232	-0.000357142857142858
0.000794438927507448	0
0.000844091360476663	-0.000357142857142858
0.000893743793445879	0
0.000943396226415094	-0.000357142857142858
0.00099304865938431	0
0.00104270109235353	0.000714285714285716
0.00109235352532274	0
0.00114200595829196	0
0.00119165839126117	0.000357142857142854
0.00124131082423039	0
0.0012909632571996	0.000357142857142854
0.00134061569016882	0.000714285714285716
0.00139026812313803	0
0.00143992055610725	0
0.00148957298907646	0.000714285714285716
0.00153922542204568	0.00107142857142857
0.0015888778550149	0.00107142857142857
0.00163853028798411	0.00142857142857143
0.00168818272095333	0.00214285714285714
0.00173783515392254	0.00214285714285714
0.00178748758689176	0.00357142857142857
0.00183714001986097	0.00428571428571429
0.00188679245283019	0.00464285714285714
0.0019364448857994	0.00571428571428572
0.00198609731876862	0.00678571428571428
0.00203574975173784	0.00678571428571428
0.00208540218470705	0.0075
0.00213505461767627	0.0075
0.00218470705064548	0.00821428571428572
0.0022343594836147	0.00714285714285715
0.00228401191658391	0.00714285714285715
0.00233366434955313	0.00714285714285715
0.00238331678252234	0.0075
0.00243296921549156	0.00785714285714286
0.00248262164846077	0.00785714285714286
0.00253227408142999	0.0075
0.00258192651439921	0.0075
0.00263157894736842	0.0075
0.00268123138033764	0.0075
0.00273088381330685	0.00642857142857143
0.00278053624627607	0.00678571428571428
0.00283018867924528	0.00714285714285715
0.0028798411122145	0.00714285714285715
0.00292949354518371	0.00642857142857143
0.00297914597815293	0.0075
0.00302879841112215	0.0075
0.00307845084409136	0.00714285714285715
0.00312810327706058	0.00678571428571428
0.00317775571002979	0.00714285714285715
0.00322740814299901	0.00714285714285715
0.00327706057596822	0.0075
0.00332671300893744	0.0075
0.00337636544190665	0.00785714285714286
0.00342601787487587	0.00785714285714286
0.00347567030784508	0.00785714285714286
0.0035253227408143	0.00785714285714286
0.00357497517378352	0.00785714285714286
0.00362462760675273	0.00785714285714286
0.00367428003972195	0.00821428571428572
0.00372393247269116	0.00892857142857143
0.00377358490566038	0.01
0.00382323733862959	0.00928571428571428
0.00387288977159881	0.01
0.00392254220456802	0.01
0.00397219463753724	0.0110714285714286
0.00402184707050646	0.0107142857142857
0.00407149950347567	0.0114285714285714
0.00412115193644489	0.0114285714285714
0.0041708043694141	0.0110714285714286
0.00422045680238332	0.0117857142857143
0.00427010923535253	0.0117857142857143
0.00431976166832175	0.0125
0.00436941410129096	0.0125
0.00441906653426018	0.0125
0.00446871896722939	0.0125
0.00451837140019861	0.0125
0.00456802383316783	0.0121428571428571
0.00461767626613704	0.0117857142857143
0.00466732869910626	0.0121428571428571
0.00471698113207547	0.0121428571428571
0.00476663356504469	0.0117857142857143
0.0048162859980139	0.0121428571428571
0.00486593843098312	0.0121428571428571
0.00491559086395233	0.0121428571428571
0.00496524329692155	0.0128571428571429
0.00501489572989077	0.0125
0.00506454816285998	0.0125
0.0051142005958292	0.0128571428571429
0.00516385302879841	0.0125
0.00521350546176763	0.0125
0.00526315789473684	0.0125
0.00531281032770606	0.0121428571428571
0.00536246276067527	0.0114285714285714
0.00541211519364449	0.0117857142857143
0.0054617676266137	0.0107142857142857
0.00551142005958292	0.0103571428571429
0.00556107249255213	0.0110714285714286
0.00561072492552135	0.0107142857142857
0.00566037735849057	0.01
0.00571002979145978	0.0103571428571429
0.005759682224429	0.0103571428571429
0.00580933465739821	0.0110714285714286
0.00585898709036743	0.0110714285714286
0.00590863952333664	0.0114285714285714
0.00595829195630586	0.0117857142857143
0.00600794438927508	0.0114285714285714
0.00605759682224429	0.0117857142857143
0.00610724925521351	0.0121428571428571
0.00615690168818272	0.0110714285714286
0.00620655412115194	0.0107142857142857
0.00625620655412115	0.0110714285714286
0.00630585898709037	0.0110714285714286
0.00635551142005958	0.0103571428571429
0.0064051638530288	0.0107142857142857
0.00645481628599801	0.01
0.00650446871896723	0.0103571428571429
0.00655412115193644	0.0103571428571429
0.00660377358490566	0.01
0.00665342601787488	0.0107142857142857
0.00670307845084409	0.0103571428571429
0.00675273088381331	0.0110714285714286
0.00680238331678252	0.0103571428571429
0.00685203574975174	0.0114285714285714
0.00690168818272095	0.0107142857142857
0.00695134061569017	0.0117857142857143
0.00700099304865939	0.0110714285714286
0.0070506454816286	0.0121428571428571
0.00710029791459782	0.0114285714285714
0.00714995034756703	0.0117857142857143
0.00719960278053625	0.0117857142857143
0.00724925521350546	0.0125
0.00729890764647468	0.0121428571428571
0.00734856007944389	0.0117857142857143
0.00739821251241311	0.0114285714285714
0.00744786494538232	0.0110714285714286
0.00749751737835154	0.0114285714285714
0.00754716981132075	0.0110714285714286
0.00759682224428997	0.0107142857142857
0.00764647467725919	0.0110714285714286
0.0076961271102284	0.0107142857142857
0.00774577954319762	0.0107142857142857
0.00779543197616683	0.0110714285714286
0.00784508440913605	0.0107142857142857
0.00789473684210526	0.0110714285714286
0.00794438927507448	0.0114285714285714
0.00799404170804369	0.0107142857142857
0.00804369414101291	0.0107142857142857
0.00809334657398213	0.0103571428571429
0.00814299900695134	0.00964285714285714
0.00819265143992056	0.00964285714285714
0.00824230387288977	0.01
0.00829195630585899	0.00964285714285714
0.0083416087388282	0.00928571428571428
0.00839126117179742	0.00857142857142857
0.00844091360476663	0.00928571428571428
0.00849056603773585	0.00821428571428572
0.00854021847070507	0.0075
0.00858987090367428	0.0075
0.0086395233366435	0.00714285714285715
0.00868917576961271	0.0075
0.00873882820258193	0.0075
0.00878848063555114	0.00678571428571428
0.00883813306852036	0.00678571428571428
0.00888778550148957	0.00678571428571428
0.00893743793445879	0.00678571428571428
0.008987090367428	0.00607142857142857
0.00903674280039722	0.00714285714285715
0.00908639523336643	0.00571428571428572
0.00913604766633565	0.005
0.00918570009930487	0.00464285714285714
0.00923535253227408	0.00464285714285714
0.0092850049652433	0.00428571428571429
0.00933465739821251	0.00428571428571429
0.00938430983118173	0.00464285714285714
0.00943396226415094	0.00464285714285714
0.00948361469712016	0.00428571428571429
0.00953326713008937	0.00428571428571429
0.00958291956305859	0.00428571428571429
0.00963257199602781	0.00392857142857143
0.00968222442899702	0.00392857142857143
0.00973187686196624	0.00321428571428571
0.00978152929493545	0.0025
0.00983118172790467	0.00214285714285714
0.00988083416087388	0.00107142857142857
0.0099304865938431	0.00107142857142857
0.00998013902681232	0.00107142857142857
0.0100297914597815	0.000714285714285716
0.0100794438927507	0.000357142857142854
0.01012909632572	0.000714285714285716
0.0101787487586892	0
0.0102284011916584	0.000357142857142854
0.0102780536246276	0
0.0103277060575968	0
0.010377358490566	-0.000357142857142858
0.0104270109235353	-0.000357142857142858
0.0104766633565045	-0.000357142857142858
0.0105263157894737	-0.000357142857142858
0.0105759682224429	0
0.0106256206554121	0
0.0106752730883813	-0.000357142857142858
0.0107249255213505	-0.000357142857142858
0.0107745779543198	-0.000357142857142858
0.010824230387289	0
0.0108738828202582	0
0.0109235352532274	0
0.0109731876861966	-0.000714285714285712
0.0110228401191658	-0.000714285714285712
0.0110724925521351	-0.000714285714285712
0.0111221449851043	-0.000357142857142858
0.0111717974180735	-0.000714285714285712
0.0112214498510427	0
0.0112711022840119	-0.000714285714285712
0.0113207547169811	-0.000714285714285712
0.0113704071499503	-0.00107142857142857
0.0114200595829196	-0.000357142857142858
0.0114697120158888	-0.000714285714285712
0.011519364448858	-0.00107142857142857
0.0115690168818272	-0.00142857142857143
0.0116186693147964	-0.0025
0.0116683217477656	-0.00321428571428571
0.0117179741807349	-0.00321428571428571
0.0117676266137041	-0.00428571428571429
0.0118172790466733	-0.00535714285714286
0.0118669314796425	-0.00607142857142857
0.0119165839126117	-0.00678571428571429
0.0119662363455809	-0.00714285714285714
0.0120158887785502	-0.0075
0.0120655412115194	-0.00785714285714286
0.0121151936444886	-0.00785714285714286
0.0121648460774578	-0.00821428571428571
0.012214498510427	-0.0075
0.0122641509433962	-0.00821428571428571
0.0123138033763654	-0.00785714285714286
0.0123634558093347	-0.00821428571428571
0.0124131082423039	-0.00714285714285714
0.0124627606752731	-0.00678571428571429
0.0125124131082423	-0.00714285714285714
0.0125620655412115	-0.00785714285714286
0.0126117179741807	-0.00714285714285714
0.01266137040715	-0.00678571428571429
0.0127110228401192	-0.0075
0.0127606752730884	-0.00714285714285714
0.0128103277060576	-0.0075
0.0128599801390268	-0.00678571428571429
0.012909632571996	-0.00785714285714286
0.0129592850049652	-0.0075
0.0130089374379345	-0.0075
0.0130585898709037	-0.00785714285714286
0.0131082423038729	-0.00785714285714286
0.0131578947368421	-0.00785714285714286
0.0132075471698113	-0.0075
0.0132571996027805	-0.00714285714285714
0.0133068520357498	-0.00714285714285714
0.013356504468719	-0.00714285714285714
0.0134061569016882	-0.00785714285714286
0.0134558093346574	-0.00785714285714286
0.0135054617676266	-0.00785714285714286
0.0135551142005958	-0.00892857142857143
0.013604766633565	-0.00857142857142857
0.0136544190665343	-0.00892857142857143
0.0137040714995035	-0.00928571428571429
0.0137537239324727	-0.0103571428571429
0.0138033763654419	-0.0107142857142857
0.0138530287984111	-0.0110714285714286
0.0139026812313803	-0.0110714285714286
0.0139523336643496	-0.0117857142857143
0.0140019860973188	-0.0110714285714286
0.014051638530288	-0.0125
0.0141012909632572	-0.0117857142857143
0.0141509433962264	-0.0121428571428571
0.0142005958291956	-0.0117857142857143
0.0142502482621648	-0.0128571428571429
0.0142999006951341	-0.0125
0.0143495531281033	-0.0128571428571429
0.0143992055610725	-0.0125
0.0144488579940417	-0.0121428571428571
0.0144985104270109	-0.0125
0.0145481628599801	-0.0121428571428571
0.0145978152929494	-0.0121428571428571
0.0146474677259186	-0.0117857142857143
0.0146971201588878	-0.0117857142857143
0.014746772591857	-0.0125
0.0147964250248262	-0.0121428571428571
0.0148460774577954	-0.0121428571428571
0.0148957298907646	-0.0117857142857143
0.0149453823237339	-0.0125
0.0149950347567031	-0.0132142857142857
0.0150446871896723	-0.0128571428571429
0.0150943396226415	-0.0125
0.0151439920556107	-0.0125
0.0151936444885799	-0.0125
0.0152432969215492	-0.0121428571428571
0.0152929493545184	-0.0114285714285714
0.0153426017874876	-0.0114285714285714
0.0153922542204568	-0.0110714285714286
0.015441906653426	-0.0103571428571429
0.0154915590863952	-0.0107142857142857
0.0155412115193644	-0.0107142857142857
0.0155908639523337	-0.01
0.0156405163853029	-0.0110714285714286
0.0156901688182721	-0.0110714285714286
0.0157398212512413	-0.0114285714285714
0.0157894736842105	-0.0117857142857143
0.0158391261171797	-0.0114285714285714
0.015888778550149	-0.0121428571428571
0.0159384309831182	-0.0117857142857143
0.0159880834160874	-0.0114285714285714
0.0160377358490566	-0.0114285714285714
0.0160873882820258	-0.0114285714285714
0.016137040714995	-0.0114285714285714
0.0161866931479643	-0.0110714285714286
0.0162363455809335	-0.0107142857142857
0.0162859980139027	-0.0107142857142857
0.0163356504468719	-0.0114285714285714
0.0163853028798411	-0.0107142857142857
0.0164349553128103	-0.0110714285714286
0.0164846077457795	-0.0110714285714286
0.0165342601787488	-0.0107142857142857
0.016583912611718	-0.0110714285714286
0.0166335650446872	-0.0114285714285714
0.0166832174776564	-0.0110714285714286
0.0167328699106256	-0.0103571428571429
0.0167825223435948	-0.0114285714285714
0.0168321747765641	-0.0114285714285714
0.0168818272095333	-0.0110714285714286
0.0169314796425025	-0.0114285714285714
0.0169811320754717	-0.0121428571428571
0.0170307845084409	-0.0121428571428571
0.0170804369414101	-0.0114285714285714
0.0171300893743793	-0.0117857142857143
0.0171797418073486	-0.0114285714285714
0.0172293942403178	-0.0117857142857143
0.017279046673287	-0.0114285714285714
0.0173286991062562	-0.0121428571428571
0.0173783515392254	-0.0114285714285714
0.0174280039721946	-0.0117857142857143
0.0174776564051639	-0.0114285714285714
0.0175273088381331	-0.0114285714285714
0.0175769612711023	-0.0110714285714286
0.0176266137040715	-0.0110714285714286
0.0176762661370407	-0.0114285714285714
0.0177259185700099	-0.0107142857142857
0.0177755710029791	-0.0107142857142857
0.0178252234359484	-0.0110714285714286
0.0178748758689176	-0.0110714285714286
0.0179245283018868	-0.0110714285714286
0.017974180734856	-0.0107142857142857
0.0180238331678252	-0.01
0.0180734856007944	-0.0107142857142857
0.0181231380337637	-0.01
0.0181727904667329	-0.00964285714285714
0.0182224428997021	-0.00964285714285714
0.0182720953326713	-0.00964285714285714
0.0183217477656405	-0.00964285714285714
0.0183714001986097	-0.00928571428571429
0.0184210526315789	-0.00892857142857143
0.0184707050645482	-0.00821428571428571
0.0185203574975174	-0.00857142857142857
0.0185700099304866	-0.00785714285714286
0.0186196623634558	-0.00785714285714286
0.018669314796425	-0.00785714285714286
0.0187189672293942	-0.00678571428571429
0.0187686196623635	-0.00678571428571429
0.0188182720953327	-0.00642857142857143
0.0188679245283019	-0.00642857142857143
0.0189175769612711	-0.00571428571428571
0.0189672293942403	-0.00571428571428571
0.0190168818272095	-0.00607142857142857
0.0190665342601787	-0.00535714285714286
0.019116186693148	-0.00535714285714286
0.0191658391261172	-0.00464285714285714
0.0192154915590864	-0.00428571428571429
0.0192651439920556	-0.00428571428571429
0.0193147964250248	-0.00464285714285714
0.019364448857994	-0.00428571428571429
0.0194141012909633	-0.00392857142857143
0.0194637537239325	-0.00357142857142857
0.0195134061569017	-0.00357142857142857
0.0195630585898709	-0.00285714285714286
0.0196127110228401	-0.00285714285714286
0.0196623634558093	-0.00285714285714286
0.0197120158887786	-0.0025
0.0197616683217478	-0.00178571428571429
0.019811320754717	-0.00214285714285714
0.0198609731876862	-0.00142857142857143
0.0199106256206554	-0.00107142857142857
0.0199602780536246	-0.000357142857142858
0.0200099304865938	-0.000357142857142858
0.0200595829195631	0
0.0201092353525323	-0.000714285714285712
0.0201588877855015	-0.000357142857142858
0.0202085402184707	0
0.0202581926514399	-0.000357142857142858
0.0203078450844091	-0.000357142857142858
0.0203574975173784	-0.000357142857142858
0.0204071499503476	-0.000714285714285712
0.0204568023833168	-0.000357142857142858
0.020506454816286	-0.000357142857142858
0.0205561072492552	0
0.0206057596822244	0
0.0206554121151936	0
0.0207050645481629	-0.000357142857142858
0.0207547169811321	0.000357142857142854
0.0208043694141013	0
0.0208540218470705	-0.000357142857142858
0.0209036742800397	0
0.0209533267130089	0
0.0210029791459782	0.000357142857142854
0.0210526315789474	0
0.0211022840119166	0.000357142857142854
0.0211519364448858	0.000357142857142854
0.021201588877855	0.000357142857142854
0.0212512413108242	0.000357142857142854
0.0213008937437934	0.000357142857142854
0.0213505461767627	0.000357142857142854
0.0214001986097319	0.000714285714285716
0.0214498510427011	0.00107142857142857
0.0214995034756703	0.00178571428571428
0.0215491559086395	0.00214285714285714
0.0215988083416087	0.0025
0.021648460774578	0.00428571428571429
0.0216981132075472	0.00428571428571429
0.0217477656405164	0.005
0.0217974180734856	0.00535714285714286
0.0218470705064548	0.00678571428571428
0.021896722939424	0.00678571428571428
0.0219463753723932	0.00714285714285715
0.0219960278053625	0.00714285714285715
0.0220456802383317	0.0075
0.0220953326713009	0.00785714285714286
0.0221449851042701	0.00821428571428572
0.0221946375372393	0.0075
0.0222442899702085	0.0075
0.0222939424031778	0.00714285714285715
0.022343594836147	0.0075
0.0223932472691162	0.00714285714285715
0.0224428997020854	0.0075
0.0224925521350546	0.00678571428571428
0.0225422045680238	0.00714285714285715
0.022591857000993	0.00678571428571428
0.0226415094339623	0.00678571428571428
0.0226911618669315	0.00607142857142857
0.0227408142999007	0.00714285714285715
0.0227904667328699	0.00642857142857143
0.0228401191658391	0.00714285714285715
0.0228897715988083	0.00714285714285715
0.0229394240317776	0.0075
0.0229890764647468	0.00642857142857143
0.023038728897716	0.0075
0.0230883813306852	0.0075
0.0231380337636544	0.0075
0.0231876861966236	0.00714285714285715
0.0232373386295928	0.00714285714285715
0.0232869910625621	0.0075
0.0233366434955313	0.00785714285714286
0.0233862959285005	0.00785714285714286
0.0234359483614697	0.00821428571428572
0.0234856007944389	0.00821428571428572
0.0235352532274081	0.00928571428571428
0.0235849056603774	0.00892857142857143
0.0236345580933466	0.00964285714285714
0.0236842105263158	0.01
0.023733862959285	0.01
0.0237835153922542	0.0107142857142857
0.0238331678252234	0.0107142857142857
0.0238828202581927	0.0107142857142857
0.0239324726911619	0.0114285714285714
0.0239821251241311	0.0117857142857143
0.0240317775571003	0.0121428571428571
0.0240814299900695	0.0121428571428571
0.0241310824230387	0.0125
0.0241807348560079	0.0125
0.0242303872889772	0.0125
0.0242800397219464	0.0125
0.0243296921549156	0.0117857142857143
0.0243793445878848	0.0121428571428571
0.024428997020854	0.0121428571428571
0.0244786494538232	0.0117857142857143
0.0245283018867925	0.0117857142857143
0.0245779543197617	0.0114285714285714
0.0246276067527309	0.0114285714285714
0.0246772591857001	0.0125
0.0247269116186693	0.0117857142857143
0.0247765640516385	0.0121428571428571
0.0248262164846077	0.0117857142857143
0.024875868917577	0.0117857142857143
0.0249255213505462	0.0125
0.0249751737835154	0.0125
0.0250248262164846	0.0117857142857143
0.0250744786494538	0.0121428571428571
0.025124131082423	0.0117857142857143
0.0251737835153923	0.0117857142857143
0.0252234359483615	0.0121428571428571
0.0252730883813307	0.0110714285714286
0.0253227408142999	0.0114285714285714
0.0253723932472691	0.0110714285714286
0.0254220456802383	0.0110714285714286
0.0254716981132075	0.0103571428571429
0.0255213505461768	0.0107142857142857
0.025571002979146	0.0107142857142857
0.0256206554121152	0.0110714285714286
0.0256703078450844	0.0107142857142857
0.0257199602780536	0.0117857142857143
0.0257696127110228	0.0117857142857143
0.0258192651439921	0.0121428571428571
0.0258689175769613	0.0114285714285714
0.0259185700099305	0.0117857142857143
0.0259682224428997	0.0117857142857143
0.0260178748758689	0.0110714285714286
0.0260675273088381	0.0107142857142857
0.0261171797418074	0.0103571428571429
0.0261668321747766	0.0107142857142857
0.0262164846077458	0.0103571428571429
0.026266137040715	0.0103571428571429
0.0263157894736842	0.0107142857142857
0.0263654419066534	0.01
0.0264150943396226	0.0114285714285714
0.0264647467725919	0.0107142857142857
0.0265143992055611	0.0107142857142857
0.0265640516385303	0.0110714285714286
0.0266137040714995	0.0114285714285714
0.0266633565044687	0.0110714285714286
0.0267130089374379	0.0110714285714286
0.0267626613704071	0.0110714285714286
0.0268123138033764	0.0117857142857143
0.0268619662363456	0.0121428571428571
0.0269116186693148	0.0117857142857143
0.026961271102284	0.0117857142857143
0.0270109235352532	0.0121428571428571
0.0270605759682224	0.0117857142857143
0.0271102284011917	0.0121428571428571
0.0271598808341609	0.0110714285714286
0.0272095332671301	0.0117857142857143
0.0272591857000993	0.0110714285714286
0.0273088381330685	0.0110714285714286
0.0273584905660377	0.0110714285714286
0.027408142999007	0.0114285714285714
0.0274577954319762	0.0114285714285714
0.0275074478649454	0.0110714285714286
0.0275571002979146	0.0107142857142857
0.0276067527308838	0.0117857142857143
0.027656405163853	0.0114285714285714
0.0277060575968222	0.0110714285714286
0.0277557100297915	0.0110714285714286
0.0278053624627607	0.0110714285714286
0.0278550148957299	0.0107142857142857
0.0279046673286991	0.0103571428571429
0.0279543197616683	0.01
0.0280039721946375	0.00964285714285714
0.0280536246276068	0.0103571428571429
0.028103277060576	0.00928571428571428
0.0281529294935452	0.00964285714285714
0.0282025819265144	0.00892857142857143
0.0282522343594836	0.00892857142857143
0.0283018867924528	0.00892857142857143
0.028351539225422	0.00785714285714286
0.0284011916583913	0.0075
0.0284508440913605	0.00678571428571428
0.0285004965243297	0.00678571428571428
0.0285501489572989	0.0075
0.0285998013902681	0.0075
0.0286494538232373	0.00642857142857143
0.0286991062562066	0.00678571428571428
0.0287487586891758	0.00607142857142857
0.028798411122145	0.00642857142857143
0.0288480635551142	0.00607142857142857
0.0288977159880834	0.00642857142857143
0.0289473684210526	0.00642857142857143
0.0289970208540219	0.00535714285714286
0.0290466732869911	0.005
0.0290963257199603	0.005
0.0291459781529295	0.00392857142857143
0.0291956305858987	0.00428571428571429
0.0292452830188679	0.00428571428571429
0.0292949354518371	0.00428571428571429
0.0293445878848064	0.00428571428571429
0.0293942403177756	0.00392857142857143
0.0294438927507448	0.00392857142857143
0.029493545183714	0.00392857142857143
0.0295431976166832	0.00321428571428571
0.0295928500496524	0.00285714285714286
0.0296425024826216	0.00321428571428571
0.0296921549155909	0.0025
0.0297418073485601	0.00178571428571428
0.0297914597815293	0.00142857142857143
0.0298411122144985	0.00142857142857143
0.0298907646474677	0.00142857142857143
0.0299404170804369	0.000714285714285716
0.0299900695134062	0.000714285714285716
0.0300397219463754	0
0.0300893743793446	0
0.0301390268123138	0.000357142857142854
0.030188679245283	0
0.0302383316782522	0
0.0302879841112215	0
0.0303376365441907	-0.000714285714285712
0.0303872889771599	0.000357142857142854
0.0304369414101291	0
0.0304865938430983	0.000357142857142854
0.0305362462760675	-0.000714285714285712
0.0305858987090367	0
0.030635551142006	0
0.0306852035749752	-0.000357142857142858
0.0307348560079444	-0.000357142857142858
0.0307845084409136	0
0.0308341608738828	-0.000357142857142858
0.030883813306852	-0.000357142857142858
0.0309334657398213	0
0.0309831181727905	-0.000714285714285712
0.0310327706057597	0
0.0310824230387289	-0.000357142857142858
0.0311320754716981	-0.000357142857142858
0.0311817279046673	-0.000714285714285712
0.0312313803376365	-0.00107142857142857
0.0312810327706058	-0.000714285714285712
0.031330685203575	-0.00107142857142857
0.0313803376365442	-0.00107142857142857
0.0314299900695134	-0.00142857142857143
0.0314796425024826	-0.00107142857142857
0.0315292949354518	-0.00178571428571429
0.0315789473684211	-0.00214285714285714
0.0316285998013903	-0.00357142857142857
0.0316782522343595	-0.00428571428571429
0.0317279046673287	-0.00642857142857143
0.0317775571002979	-0.00642857142857143
0.0318272095332671	-0.0075
0.0318768619662363	-0.0075
0.0319265143992056	-0.00714285714285714
0.0319761668321748	-0.00821428571428571
0.032025819265144	-0.00857142857142857
0.0320754716981132	-0.00821428571428571
0.0321251241310824	-0.00821428571428571
0.0321747765640516	-0.00785714285714286
0.0322244289970209	-0.00821428571428571
0.0322740814299901	-0.00785714285714286
0.0323237338629593	-0.0075
0.0323733862959285	-0.00714285714285714
0.0324230387288977	-0.00714285714285714
0.0324726911618669	-0.00678571428571429
0.0325223435948361	-0.0075
0.0325719960278054	-0.0075
0.0326216484607746	-0.00714285714285714
0.0326713008937438	-0.00678571428571429
0.032720953326713	-0.0075
0.0327706057596822	-0.00785714285714286
0.0328202581926514	-0.0075
0.0328699106256207	-0.00785714285714286
0.0329195630585899	-0.0075
0.0329692154915591	-0.0075
0.0330188679245283	-0.00785714285714286
0.0330685203574975	-0.00714285714285714
0.0331181727904667	-0.0075
0.0331678252234359	-0.00785714285714286
0.0332174776564052	-0.00821428571428571
0.0332671300893744	-0.00857142857142857
0.0333167825223436	-0.0075
0.0333664349553128	-0.00821428571428571
0.033416087388282	-0.00857142857142857
0.0334657398212512	-0.00964285714285714
0.0335153922542205	-0.00928571428571429
0.0335650446871897	-0.00928571428571429
0.0336146971201589	-0.0103571428571429
0.0336643495531281	-0.0103571428571429
0.0337140019860973	-0.01
0.0337636544190665	-0.0103571428571429
0.0338133068520358	-0.0107142857142857
0.033862959285005	-0.0110714285714286
0.0339126117179742	-0.0117857142857143
0.0339622641509434	-0.0121428571428571
0.0340119165839126	-0.0114285714285714
0.0340615690168818	-0.0117857142857143
0.034111221449851	-0.0125
0.0341608738828203	-0.0121428571428571
0.0342105263157895	-0.0125
0.0342601787487587	-0.0128571428571429
0.0343098311817279	-0.0128571428571429
0.0343594836146971	-0.0121428571428571
0.0344091360476663	-0.0121428571428571
0.0344587884806355	-0.0121428571428571
0.0345084409136048	-0.0114285714285714
0.034558093346574	-0.0121428571428571
0.0346077457795432	-0.0125
0.0346573982125124	-0.0121428571428571
0.0347070506454816	-0.0121428571428571
0.0347567030784508	-0.0121428571428571
0.0348063555114201	-0.0128571428571429
0.0348560079443893	-0.0128571428571429
0.0349056603773585	-0.0128571428571429
0.0349553128103277	-0.0128571428571429
0.0350049652432969	-0.0132142857142857
0.0350546176762661	-0.0117857142857143
0.0351042701092354	-0.0125
0.0351539225422046	-0.0117857142857143
0.0352035749751738	-0.0121428571428571
0.035253227408143	-0.0114285714285714
0.0353028798411122	-0.0117857142857143
0.0353525322740814	-0.01
0.0354021847070506	-0.0107142857142857
0.0354518371400199	-0.0103571428571429
0.0355014895729891	-0.0107142857142857
0.0355511420059583	-0.0110714285714286
0.0356007944389275	-0.0110714285714286
0.0356504468718967	-0.0110714285714286
0.0357000993048659	-0.0117857142857143
0.0357497517378352	-0.0110714285714286
0.0357994041708044	-0.0117857142857143
0.0358490566037736	-0.0114285714285714
0.0358987090367428	-0.0121428571428571
0.035948361469712	-0.0114285714285714
0.0359980139026812	-0.0114285714285714
0.0360476663356505	-0.0114285714285714
0.0360973187686197	-0.0110714285714286
0.0361469712015889	-0.0107142857142857
0.0361966236345581	-0.0103571428571429
0.0362462760675273	-0.0107142857142857
0.0362959285004965	-0.0107142857142857
0.0363455809334657	-0.0110714285714286
0.036395233366435	-0.0110714285714286
0.0364448857994042	-0.0110714285714286
0.0364945382323734	-0.0107142857142857
0.0365441906653426	-0.0114285714285714
0.0365938430983118	-0.0114285714285714
0.036643495531281	-0.0107142857142857
0.0366931479642503	-0.0114285714285714
0.0367428003972195	-0.0114285714285714
0.0367924528301887	-0.0114285714285714
0.0368421052631579	-0.0121428571428571
0.0368917576961271	-0.0114285714285714
0.0369414101290963	-0.0114285714285714
0.0369910625620655	-0.0117857142857143
0.0370407149950348	-0.0117857142857143
0.037090367428004	-0.0117857142857143
0.0371400198609732	-0.0110714285714286
0.0371896722939424	-0.0110714285714286
0.0372393247269116	-0.0107142857142857
0.0372889771598808	-0.0107142857142857
0.0373386295928501	-0.0110714285714286
0.0373882820258193	-0.0110714285714286
0.0374379344587885	-0.0107142857142857
0.0374875868917577	-0.0114285714285714
0.0375372393247269	-0.0110714285714286
0.0375868917576961	-0.0114285714285714
0.0376365441906653	-0.0110714285714286
0.0376861966236346	-0.0110714285714286
0.0377358490566038	-0.0107142857142857
0.037785501489573	-0.0107142857142857
0.0378351539225422	-0.0107142857142857
0.0378848063555114	-0.0110714285714286
0.0379344587884806	-0.0103571428571429
0.0379841112214499	-0.01
0.0380337636544191	-0.00964285714285714
0.0380834160873883	-0.00964285714285714
0.0381330685203575	-0.00964285714285714
0.0381827209533267	-0.00928571428571429
0.0382323733862959	-0.00892857142857143
0.0382820258192651	-0.00857142857142857
0.0383316782522344	-0.00857142857142857
0.0383813306852036	-0.00785714285714286
0.0384309831181728	-0.0075
0.038480635551142	-0.00785714285714286
0.0385302879841112	-0.00714285714285714
0.0385799404170804	-0.0075
0.0386295928500497	-0.00678571428571429
0.0386792452830189	-0.00678571428571429
0.0387288977159881	-0.00607142857142857
0.0387785501489573	-0.00642857142857143
0.0388282025819265	-0.00678571428571429
0.0388778550148957	-0.00678571428571429
0.0389275074478649	-0.00607142857142857
0.0389771598808342	-0.00571428571428571
0.0390268123138034	-0.00535714285714286
0.0390764647467726	-0.00535714285714286
0.0391261171797418	-0.00535714285714286
0.039175769612711	-0.005
0.0392254220456802	-0.005
0.0392750744786495	-0.00464285714285714
0.0393247269116187	-0.00428571428571429
0.0393743793445879	-0.00392857142857143
0.0394240317775571	-0.00357142857142857
0.0394736842105263	-0.00321428571428571
0.0395233366434955	-0.0025
0.0395729890764648	-0.00178571428571429
0.039622641509434	-0.00178571428571429
0.0396722939424032	-0.00178571428571429
0.0397219463753724	-0.00107142857142857
0.0397715988083416	-0.00142857142857143
0.0398212512413108	-0.000714285714285712
0.03987090367428	-0.000714285714285712
0.0399205561072493	-0.000357142857142858
0.0399702085402185	-0.00107142857142857
0.0400198609731877	0
0.0400695134061569	-0.000357142857142858
0.0401191658391261	-0.000357142857142858
0.0401688182720953	-0.000714285714285712
0.0402184707050645	-0.000357142857142858
0.0402681231380338	-0.000714285714285712
0.040317775571003	-0.000357142857142858
0.0403674280039722	-0.000357142857142858
0.0404170804369414	0
0.0404667328699106	-0.000357142857142858
0.0405163853028798	-0.000357142857142858
0.0405660377358491	0
0.0406156901688183	-0.000357142857142858
0.0406653426017875	0
0.0407149950347567	0.000357142857142854
0.0407646474677259	0.000357142857142854
0.0408142999006951	0.000714285714285716
0.0408639523336644	-0.000357142857142858
0.0409136047666336	0.000357142857142854
0.0409632571996028	0
0.041012909632572	0.000357142857142854
0.0410625620655412	0.000357142857142854
0.0411122144985104	0
0.0411618669314796	0.000357142857142854
0.0412115193644489	0.000714285714285716
0.0412611717974181	0.000714285714285716
0.0413108242303873	0.00142857142857143
0.0413604766633565	0.00107142857142857
0.0414101290963257	0.00214285714285714
0.0414597815292949	0.00285714285714286
0.0415094339622642	0.00357142857142857
0.0415590863952334	0.00464285714285714
0.0416087388282026	0.00571428571428572
0.0416583912611718	0.00607142857142857
0.041708043694141	0.00678571428571428
0.0417576961271102	0.00714285714285715
0.0418073485600794	0.0075
0.0418570009930487	0.00714285714285715
0.0419066534260179	0.00785714285714286
0.0419563058589871	0.00714285714285715
0.0420059582919563	0.00821428571428572
0.0420556107249255	0.00785714285714286
0.0421052631578947	0.00785714285714286
0.042154915590864	0.00785714285714286
0.0422045680238332	0.0075
0.0422542204568024	0.0075
0.0423038728897716	0.00678571428571428
0.0423535253227408	0.00714285714285715
0.04240317775571	0.0075
0.0424528301886792	0.00678571428571428
0.0425024826216485	0.00714285714285715
0.0425521350546177	0.00642857142857143
0.0426017874875869	0.00678571428571428
0.0426514399205561	0.00678571428571428
0.0427010923535253	0.00714285714285715
0.0427507447864945	0.00714285714285715
0.0428003972194638	0.0075
0.042850049652433	0.0075
0.0428997020854022	0.0075
0.0429493545183714	0.00714285714285715
0.0429990069513406	0.00785714285714286
0.0430486593843098	0.00714285714285715
0.0430983118172791	0.00785714285714286
0.0431479642502483	0.00714285714285715
0.0431976166832175	0.0075
0.0432472691161867	0.0075
0.0432969215491559	0.00821428571428572
0.0433465739821251	0.00857142857142857
0.0433962264150943	0.00821428571428572
0.0434458788480636	0.00928571428571428
0.0434955312810328	0.00928571428571428
0.043545183714002	0.00964285714285714
0.0435948361469712	0.00964285714285714
0.0436444885799404	0.0103571428571429
0.0436941410129096	0.0107142857142857
0.0437437934458789	0.0110714285714286
0.0437934458788481	0.0110714285714286
0.0438430983118173	0.0117857142857143
0.0438927507447865	0.0117857142857143
0.0439424031777557	0.0121428571428571
0.0439920556107249	0.0128571428571429
0.0440417080436941	0.0128571428571429
0.0440913604766634	0.0125
0.0441410129096326	0.0128571428571429
0.0441906653426018	0.0125
0.044240317775571	0.0125
0.0442899702085402	0.0125
0.0443396226415094	0.0128571428571429
0.0443892750744787	0.0121428571428571
0.0444389275074479	0.0117857142857143
0.0444885799404171	0.0117857142857143
0.0445382323733863	0.0117857142857143
0.0445878848063555	0.0117857142857143
0.0446375372393247	0.0121428571428571
0.0446871896722939	0.0121428571428571
0.0447368421052632	0.0121428571428571
0.0447864945382324	0.0121428571428571
0.0448361469712016	0.0125
0.0448857994041708	0.0117857142857143
0.04493545183714	0.0117857142857143
0.0449851042701092	0.0117857142857143
0.0450347567030785	0.0121428571428571
0.0450844091360477	0.0117857142857143
0.0451340615690169	0.0110714285714286
0.0451837140019861	0.0110714285714286
0.0452333664349553	0.0103571428571429
0.0452830188679245	0.01
0.0453326713008937	0.00928571428571428
0.045382323733863	0.0107142857142857
0.0454319761668322	0.0107142857142857
0.0454816285998014	0.0110714285714286
0.0455312810327706	0.0114285714285714
0.0455809334657398	0.0114285714285714
0.045630585898709	0.0114285714285714
0.0456802383316783	0.0121428571428571
0.0457298907646475	0.0117857142857143
0.0457795431976167	0.0117857142857143
0.0458291956305859	0.0114285714285714
0.0458788480635551	0.0114285714285714
0.0459285004965243	0.0110714285714286
0.0459781529294935	0.0107142857142857
0.0460278053624628	0.0103571428571429
0.046077457795432	0.01
0.0461271102284012	0.0107142857142857
0.0461767626613704	0.0103571428571429
0.0462264150943396	0.0103571428571429
0.0462760675273088	0.0103571428571429
0.0463257199602781	0.0103571428571429
0.0463753723932473	0.0107142857142857
0.0464250248262165	0.0117857142857143
0.0464746772591857	0.0110714285714286
0.0465243296921549	0.0114285714285714
0.0465739821251241	0.0110714285714286
0.0466236345580933	0.0110714285714286
0.0466732869910626	0.0117857142857143
0.0467229394240318	0.0114285714285714
0.046772591857001	0.0117857142857143
0.0468222442899702	0.0121428571428571
0.0468718967229394	0.0110714285714286
0.0469215491559086	0.0117857142857143
0.0469712015888779	0.0121428571428571
0.0470208540218471	0.0114285714285714
0.0470705064548163	0.0114285714285714
0.0471201588877855	0.0114285714285714
0.0471698113207547	0.0117857142857143
0.0472194637537239	0.0114285714285714
0.0472691161866932	0.0114285714285714
0.0473187686196624	0.0110714285714286
0.0473684210526316	0.0114285714285714
0.0474180734856008	0.0114285714285714
0.04746772591857	0.0110714285714286
0.0475173783515392	0.0110714285714286
0.0475670307845084	0.0110714285714286
0.0476166832174777	0.0107142857142857
0.0476663356504469	0.0103571428571429
0.0477159880834161	0.0107142857142857
0.0477656405163853	0.0103571428571429
0.0478152929493545	0.01
0.0478649453823237	0.0103571428571429
0.0479145978152929	0.00964285714285714
0.0479642502482622	0.01
0.0480139026812314	0.00892857142857143
0.0480635551142006	0.00964285714285714
0.0481132075471698	0.00857142857142857
0.048162859980139	0.00857142857142857
0.0482125124131082	0.00821428571428572
0.0482621648460775	0.00785714285714286
0.0483118172790467	0.00821428571428572
0.0483614697120159	0.00785714285714286
0.0484111221449851	0.00785714285714286
0.0484607745779543	0.00714285714285715
0.0485104270109235	0.0075
0.0485600794438928	0.00678571428571428
0.048609731876862	0.00678571428571428
0.0486593843098312	0.00642857142857143
0.0487090367428004	0.00642857142857143
0.0487586891757696	0.00678571428571428
0.0488083416087388	0.00607142857142857
0.048857994041708	0.00571428571428572
0.0489076464746773	0.005
0.0489572989076465	0.00535714285714286
0.0490069513406157	0.00428571428571429
0.0490566037735849	0.00464285714285714
0.0491062562065541	0.00392857142857143
0.0491559086395233	0.00428571428571429
0.0492055610724926	0.00464285714285714
0.0492552135054618	0.00392857142857143
0.049304865938431	0.00428571428571429
0.0493545183714002	0.00357142857142857
0.0494041708043694	0.00357142857142857
0.0494538232373386	0.0025
0.0495034756703078	0.0025
0.0495531281032771	0.00214285714285714
0.0496027805362463	0.00142857142857143
0.0496524329692155	0.00142857142857143
0.0497020854021847	0.00142857142857143
0.0497517378351539	0.000714285714285716
0.0498013902681231	0.000357142857142854
0.0498510427010924	0
0.0499006951340616	0
0.0499503475670308	0
0.05	0